 -27, -15,  18,  12,   4,  11,  13, -12
  19,  30,  10,  -6,   0,  10,  13,  12
  -6,   0,  -2,  26,   5, -11, -19, -17
   9,  13, -24, -57,  -7,  -1, -12,   3
  12,   9,  -2,   3,   0,   6,  39,  20
  14,   0,  11,  15,   2,  -5,   1,  -4
 -24, -11,  -9,   0,   0,   2,  16,  -1
 -15,   1,   7,   8,   5,  10,  -5,  -9
  17,  -3, -12,  -4,  -8,  -7,  -5,  16
   3,  -3, -12, -26,  -1,   2,   4,  12
 -28,  -3,   0,   0,  -1,  -5, -26, -43
  29,   0,  17,   5,  -3,  -6,  10,  -3
 -15,  -8, -19, -22,  -6,  -8, -19, -14
 -22,  -7,  10,  17,   1,   1,   0, -18
  16,  -8,   5, -11,  -1,   7,  15,  36
 -15,  13,  -1,  16,   4,  -2,   0,   3
  -5,  17,  -4,  -3,   0,  -7, -29, -30
 -12, -31,  -7,  -2,  -2,  -1,   6,   9
  -7,  21, -21, -14,  -4,  -7, -11,   4
  32,   2,  20,  12,  -5,   2, -13,   9
   8,  -6,  -3, -15,   0,  10,  28,  14
   0,  -2, -29,   3,   3,  -8, -27, -38
  -2,  -2, -29, -42,  -5,   6,  -4, -23
   4,   4,   7,   8,   1,   2,  -3,  -3
   4,   1,   7,  18,   1,  -4,  -7,  -4
 -28,   5,  -5, -19,  -7,  -4, -19, -16
  20, -16,  -5, -16,  -2,   2,   9,   6
 -24,  15,   9,  24,   9,  -5, -16,  -5
  -3,  -8, -25, -29,  -8,   5,   1,  -7
  17,  -1,  49,  25,  -3,   1,   3,   4
   5,   6,  -4, -10,  -2, -10, -17, -11
 -15, -10, -14,  -7,  -7,  -6, -30, -31
  -2,  11,  10,  -2,  10,  24,  91,  59
  -3,  -2, -17,  20,   9,   0, -24,   9
   4,  -1,   1,  -3,   1,  -3,  20,  40
 -22,  -7,  -2, -10,  -4,  -4, -31, -21
  33,  19, -31, -33,  -4,  -2, -39, -19
   5,   3,  43,  14,   0,   8,  46,  16
 -18,  -9,  -2,  16,  -3,  -5, -21, -21
  12,  17, -17,  -5,   6,   7,  28,  15
  -5, -18,  -1,   3,  -4, -11, -40, -19
 -21, -16,  -8, -25, -10, -10,   0,   7
  18,   8,  15,   5,  -2,   4,   4, -10
   4,   1,   2,   3,   4,   2, -41,  -9
 -11,  -5, -16, -14,  -9, -16,  -2,  -7
  10,   5, -23, -13,   2,  11,  49,  12
 -43,  -6, -19, -10,  -4,  -4,  26,  22
   7,  -2,  38,  29,   3,   3,  23,   6
  56,   7,   5,   7,   6,   0, -34,  -7
  -2,   8,  -7,   0,   2,   6,  12,  24
   2,   4,  10,  22,  -7,  -5, -13,  -6
   3, -17, -34, -32, -11,  -3,  17,   6
 -32,  -5,  23,  20,  -2, -13, -47, -36
   2,  -4, -31,  -5,   2,   8,  15,  -7
  35,  28,   4,  -1,   5,   1,  10,  -6
   4,  -7,  39,   7,  -7,  -9,   2,   3
 -17, -10,  -4,   2,   0,  -3,   5,  -4
  -7, -18, -28, -17,   1,  -6, -22, -18
   2,  -6,  17,  28,   1,   1,  -5,  -7
  17,  21,  -6,   5,   8,  11,  20,  28
  16,   1,   8,   4,   4,   7,  23,  33
 -33, -10, -28,  -8,  -3, -10, -42, -57
  -6,  10,  44,  -8, -13, -15, -73, -26
  25, -15, -25, -11,   3,  10,  79,  22
 -12,  -2,  14,  20,   5,   1,  10,  10
  -8,  15, -11,   3,  -1,  -6,  -8, -12
  29, -12, -24,  -3,   8,  14,   8,  28
  -5,  17,  31,  10,  -3,  -3, -23,   7
  11,  -9, -18, -32,  -7,   1,  10,  11
  28,  12,  12,  -2, -10, -10,  -2,  13
 -30,   1, -27,  -8,  11,   4,   9,   1
  -8,  -7,  15,  11,  -2,  -8, -21, -33
   0,  14,   5,  11,   4,  16,  32,  30
  22,  -5,   3,  -7,   3,  -4, -49, -13
 -20,  -4,   6,  14,   3,  -1,  52,   9
 -25, -22, -53, -39,  -2,  10,   9,   4
 -21,  -2,  35,  15,  -3, -14, -14, -22
   3,  11,  11,  10,   5,   5,  16,  50
  -5, -18, -40, -10,  -4,  -5,   0,  -5
   6,  -4,  31,   9,   1,  -2, -11,  -4
  10,   8,   5,  -3,  -3,  -5,  -1, -18
 -31, -13,  15,   4,  -1,   0, -18, -24
   5,  -8,  -2,   5,   7,   3,  -1,   1
  13,   9, -37, -25,  -5,   0,  34,  18
   2, -10,  21,  21,  -5, -10, -31, -21
   8,   7,   9,  14,   8,   4,  13,  -6
  13,   2, -14,  -7,   1,   9,   2,  23
  10,   7,  -3,  -8,  -9, -15, -33, -18
 -28,  -4,   3,  -5,   2,   8,  38,   9
  39,   9,   1,  23,   3,   5, -13, -14
 -44, -12,  19, -10,  -6, -12, -24, -22
  13,  22,   7,   1,  -2,   6,  24,  19
   3, -12, -27, -10,   1,   2,  -9,  -4
 -20,   5,   7,  12,   1,  -2,  -6, -17
   1,   3, -16,  -2,  -4, -10, -57, -33
  13,  -7,  11,  16,   6,  17,  70,  56
  10,   0, -19, -36,  -6,  -1,  -3,  -8
 -11, -12,  25,   2,  -5,  -6, -15,  22
  37,   8, -13, -11,   1,  14,  22,  32
 -36, -13, -18,   4,   3, -18, -50, -48
  -9,  15,  10,   6,  -1,   1, -20, -30
  34,   1,  -7,  -9,   4,  18,  63,  70
  -9,  -2,  25,  -3,  -3,  -9,   1, -19
   8,  11,   5,  16,  -1,  -7, -49, -23
  -5,  16, -20,   8,   9,  14,  71,  32
  -7,  -5, -17, -30,  -8, -10, -23, -12
  -6,  -1,  21,  11,  -4,   0,  11,  -2
  19,   1,   8,  19,   6,   5,  -6, -11
 -12,  -2, -15, -23,  -2, -15, -44,  -8
  -4,  -5,  23,   0,  -7,   5,  42,  -7
  30,  24,  20,  17,   2,   3,  26,  28
 -19, -22, -20, -11,  -2,  -1, -29, -24
  -1,  -7,   9,  16,   0,   3,  32,  33
 -19,  -3, -12, -10,   6,   4,   1, -10
   5,   2,  -6,  -1,   2,  -3,  -8, -13
  -3,  -1,   2,  -6,   0,   0,  -4,  14
 -12, -16,  -5,   7,  -8, -15, -43, -36
 -40, -38, -25, -13,   5,   6,  -7, -17
  -8,  36,  22, -16, -11,  -5,   8,  -9
  31,  -2,   3,  -8,  -5,  -2,  -3,  19
  26,  -1,   2,  25,  10,  12,  48,  46
  12,   6,  -9,  -1,  -2,  -1, -22, -17
 -36, -14, -13,   0,   4,  -4, -27, -32
   2,   2,  -5,  -5,   2,   2,  18,   4
  -7,  -5,  13,   3,  -5,  -3, -30, -19
  -9,   7,  -1,   6,   3,  -3, -17, -31
 -28, -23, -11,  12,  -1,  -6,  12,  43
 -25,  -2, -16, -11,  -4,  -1, -21, -29
  35,   8,  73,  13, -13,  -8, -10,  -2
   4,   9,  -7, -16,  -2,   9,  30,  37
  29,  -8, -18, -28,   2,  12,  22,  25
 -27,  -6,  -6,  11,   7,  -6, -36, -43
 -31,  -6, -31,  -4,   5,  -1,  -9, -21
  22,   1,  14,   4,  -7, -12,  -1,   6
  -7,   0,   6,  12,   2,   3, -12, -19
  -3,  -1,   3,  -1,  -3,   5,  -6,   4
   6,   6, -17,   1,   5,   7,   2,   1
 -17, -23, -19, -29, -17, -35, -54, -44
   3,  14,  34,  22,   6,  16,  42,  36
  47, -21,  13,   5,  -1,  15,  41,  49
  21,  31,  10,  -1,   3,   9,  -9,  11
   4,  -9,  -6,  17,   8,   3,   1,  -3
 -25,  -4, -19,   1,  -2, -14, -50, -51
 -33,   4,   1, -11,  -5,  -8,   9,  -3
   1, -18,  -6,   3,   1,   7,   8,   8
   8,  14, -39,   8,   4,  -3, -20, -10
  -5,  -2,  30, -11,  -9,  -3,   1,  -1
 -14,  11,   2, -15,  -7,  -4, -13, -15
  -7,  -1, -16, -31,   0,   5,  28,  -8
  14,  10,  18,  25,   1,  -7, -21,  30
  41,   4, -22,  -2,   6,   6,  38,  32,1638697602.832
   7,  10,  19,  15,   8,  18,  72,  45,1638697602.832
   4,  -1,  -8,  -5,  -5, -10, -26,  -8,1638697602.843
  19,  25,  18,   0,  -3,   0,  10,   2,1638697602.843
   4,  -4, -12,  15,  11,  12,  -3,   7,1638697602.852
   3,   9,  -8, -22,  -6, -11, -23, -11,1638697602.852
 -18, -12,  -3,   6,   4,  -2, -11,   1,1638697602.867
 -39, -10,  10,   7,   0,   8,  -2, -12,1638697602.867
  50,  16,   9,  -3,   0,   8,  34,  31,1638697602.868
  19,  -3,   1,  11,  -2,  -6, -15, -19,1638697602.869
 -53,  -6,  -2, -12,  -1,   2,  -1,  -2,1638697602.895
  40,  -1, -11,  10,   1,   9,  -2,  18,1638697602.895
 -43, -11, -38, -35,  -8, -18, -17, -60,1638697602.896
   1,   0,  44,  -7,  -9,  -4,  13,  39,1638697602.900
  -6,   1,  16,  23,   3,   0,  10,   2,1638697602.903
  27,   7,  15,   0,   5,   0,  17,   9,1638697602.903
  24,   7, -18,   4,  -1,   0, -11,  -5,1638697602.912
 -15,  -8, -16,  -4,   3,  -2,  -5, -12,1638697602.912
   7,   5,   7,   1,  -1,  -5, -29,  -8,1638697602.927
 -21,  -4,  -1,   2,   1,  -6, -13, -28,1638697602.927
  -9,   1,   8, -10,  -9,   4,   9,  21,1638697602.929
  31,   1, -28, -34,   2,   0, -12,   3,1638697602.929
 -25,  -2,  38,  23,  -7, -10, -39, -37,1638697602.951
 -24,  -2,   0,   5,   3,   3,  -8, -31,1638697602.951
 -23, -10,  -2,   4,   6,  16,  27,  25,1638697602.951
  27,  12,   6,  27,   2,  -7,   6,  25,1638697602.952
   9,  -9, -24, -18,   0,   2,   1, -13,1638697602.963
   7,  18,  -4, -16,  -1,   1,  17,   5,1638697602.963
  -2,  18,  18,  15,  -5,  -2,  -1,  -8,1638697602.972
 -31, -11,  18,  20,   4,   2, -11, -12,1638697602.972
  23,   6,  -6, -23,  -1,   4,  17,  13,1638697602.988
  -8,  -3, -16, -13, -10, -10,   2,   6,1638697602.992
 -24, -36,   3,  18,   4,  -8, -31, -13,1638697603.002
  35,  19,  -2,  -3,  -7,  -9, -21, -31,1638697603.002
  -7,  -4, -18, -10,   5,  10,  44,  48,1638697603.010
  16, -11,   0, -14,   4,  11,  12,   8,1638697603.010
  -4,   1,  27,  25,   6,  -4, -18, -17,1638697603.011
 -33,  -2,  -3,  19,  -3,  -9, -25, -37,1638697603.012
   9,  -7,   4, -18,  -5,  -1,  -1,  10,1638697603.033
  -2,  -2, -21,  -1,  -4,  -1,   4,   8,1638697603.033
 -17,  -7,   0, -13,  -2,  -7, -20, -34,1638697603.036
  -9,   0,  -3,   9,  15,   3, -15,   5,1638697603.036
   4,  11, -21,   9, -10,   4,  52,  11,1638697603.048
  31,  10,  24, -11,   0,  -1,  21,  23,1638697603.048
   1, -13,   0,  -7,  -3,  -4, -20, -17,1638697603.049
 -54,  -7,  -7,  -1,   4,   5,   0,  -7,1638697603.049
 -30,  -8, -15,   9,   3,  -2, -14, -25,1638697603.070
  -1, -10,  25,  23,   0,   4,  -1,  -2,1638697603.070
  -7,  -9,  -9,  11,   1,  -4, -11,  -2,1638697603.072
   4,   9,   8, -28,  -4,  -8,  -9, -15,1638697603.075
 -14, -15, -18,  -9,  -5,  -6,   3,   6,1638697603.093
  26,   4,   4,  16,   2,   3,   9,  42,1638697603.093
  31,   9,  -2, -24,  -7,  -6, -34, -30,1638697603.094
 -25, -12,  -1,  10,  -4,   4,  10,  18,1638697603.094
  26,   5,  -4,   0,   2,   0,  17,  15,1638697603.106
 -29,  -8,   9,  24,   5,  -2,   0, -21,1638697603.106
 -13,   7,  -7,  -2,  -1,  -3,  -4,  -3,1638697603.115
 -11, -12, -19, -11,  -3,   3,   6,  -1,1638697603.115
  20,  13,  34,  16,  -1, -19, -61, -12,1638697603.130
   7,   5, -14,   0,   9,  18,  38,  57,1638697603.131
  23,   9,  -6,  -4,  -7,  -6,  -2,  12,1638697603.132
  25,  -3,   2,  -4,   0,   2,  11,  12,1638697603.132
   1,  16,  28,  17,   7,   4, -22, -37,1638697603.153
   3, -10, -26, -15,  -6,  -8,   1,  -8,1638697603.153
 -45, -15,  -8, -25,  -3,   2,  11,  16,1638697603.154
 -15,  -1,  -7,   9,  -3,  -1,  20,   9,1638697603.154
 -30, -29, -24, -21,  -8,  -6, -18, -15,1638697603.167
   6,  19,  26,   5,  -7, -11, -53, -15,1638697603.170
  41,   1,  -8,  -5,   7,  15,  61,  39,1638697603.178
  -5,  -3,  15,  15,  -1,  -2, -17, -17,1638697603.178
   2,   4,  -7,   8,   3,   9,  13,  16,1638697603.189
 -33, -14,   6,   9,   0, -10, -27, -44,1638697603.189
  23,  18, -12, -11,  -2,   3,  12,  20,1638697603.197
  17,   0,  -1, -16,   0,   6,  32,  31,1638697603.197
 -11,  -5,  12,   7,  -9, -13,  -9, -13,1638697603.212
  -5,  13, -12, -27,   3,   5,  19,   0,1638697603.212
   9,  -9,   7,  27,   5,   2, -20, -13,1638697603.216
  -7,  -4,  -7,   0,  -1,   1,  11,  -3,1638697603.216
  -3,   6, -27, -19,   2,  -2, -44, -26,1638697603.235
   2, -14,  24,  15,  -6,   0,   5,  24,1638697603.235
  49,  22,  -5, -16,  -4,   5,  19,  12,1638697603.237
 -11,  -1,  17,   4,   2,   3,  -6, -23,1638697603.237
  12, -10, -32, -20,  -2,   1,  22,  35,1638697603.249
 -17,   2,   7,   6,   0,  -1, -33, -26,1638697603.249
 -46,  -6,   4,   5,  -1,  -8,   0,  -3,1638697603.258
  -6,  -4,  -7,   1,  -4,  -9,  -3, -18,1638697603.260
  21,  17,  -6,   8,   2,   6,  29,   9,1638697603.273
  -7,  -3,   4,  -9,  -1,   6,  23,  -6,1638697603.273
 -17,   4,  41,  17,  -3,   5,   4,  15,1638697603.274
 -11, -15, -19,  -3,  -1,  -8, -18, -14,1638697603.274
   1,  -6, -10,  -8,  -4,  -7, -15, -16,1638697603.295
  32,   3,   1,  -8,  -1,   4,  22,  12,1638697603.295
 -48, -14,  -4,  13,  -1, -11, -20, -31,1638697603.300
  47,   1,  -3,  -2,  -1,  12,  19,  30,1638697603.301
  -5,   5,  -1,   2,   3,   4,   1, -11,1638697603.308
   3,  -7, -12, -10,   3,   0,   0,  12,1638697603.308
 -32,  -6,  -7,   3,  -1, -15, -49, -65,1638697603.317
 -12,   9,  10,   2,  -5,   1,  16,  38,1638697603.317
  14,   0,  -3,  -8,   1,   4,   8,  -4,1638697603.332
   3,   2,  -1, -13,  -3,   4,  17,  20,1638697603.332
 -23,  -5,   4,   5,   0,  -2, -23, -31,1638697603.333
  20,  -1, -34, -20,   3,   5,  15,  16,1638697603.334
  37,  28,  48,  32,   5,  -1,  -8,   9,1638697603.355
 -39, -11, -12,   4,  -1,   0,  -6, -14,1638697603.358
  16, -10, -17, -34,  -7,  -1, -17, -10,1638697603.365
   7,   5,  -9,   6,  -3,  -3,  11,  47,1638697603.365
 -11, -17,   0, -16,  -2,   9,  27,  -5,1638697603.377
  10,  20, -34,  -2,   6,   2, -18, -16,1638697603.377
  39,  15,  30,   9,  -4,  -4,  13,  30,1638697603.378
  15,  30,   7,  12,  16,  11,  17,  26,1638697603.379
  -8, -11,  -5,   9,  -2, -15, -72, -36,1638697603.392
 -38, -33,   2,   4,  -3,  -8,  10, -27,1638697603.392
  25,  21,  11,  16,  10,  20,  27,  37,1638697603.395
  28,   2,   2, -21,  -8, -17, -72, -51,1638697603.395
 -27,   6, -18, -26,   8,  16,  82,  44,1638697603.415
 -10,  -8,  16,  18, -14,  -5, -10,   7,1638697603.415
  23,  14,  -5,  12,   5,  -6, -40,  18,1638697603.416
 -16,  -7, -12, -32,  -2,  11,  84,  22,1638697603.416
   2,  11,  51,  40,   5,  14,   0,  18,1638697603.437
  -9, -14, -11,   5,   4, -15, -43, -48,1638697603.437
  -5, -17, -19,   3,   0,   6,  31,  35,1638697603.439
 -39,   6,   7,   1, -11, -10, -34, -37,1638697603.442
  25,   2, -33,  -9,  -3, -11, -16, -26,1638697603.452
   0,  11,  17,   2,   1,  13, -19,  13,1638697603.452
  26, -10,   7, -12,  -8, -29, -39, -61,1638697603.454
  53,  20,  11,  -9,   8,  32,  78,  78,1638697603.454
   0, -11,  43,  23,  -5, -10, -24,  10,1638697603.475
  52,  28,   3,   1,  18,  26,  78,  84,1638697603.475
 -30,  -7, -38,  12,  14,  20,  26,  -5,1638697603.476
 -31, -20, -26, -31, -11, -11, -26,  -8,1638697603.476
  16,  10,   9,  -1,  -2,  -7, -23,  -5,1638697603.497
 -11, -43, -11, -10,  -9, -11, -23, -66,1638697603.497
 -26,  41,  11,   4,   1,  -1,   8,  52,1638697603.499
  40,  -3, -11,   5,   5,  -1,  -7, -26,1638697603.499
 -27, -13,  -4,  25,  -6, -13, -50, -47,1638697603.512
  -4,   6, -25,  -6,  -5, -17, -39, -28,1638697603.513
 -23,   4,  37, -25, -10,   9,  44,  23,1638697603.514
 -21, -24, -21,   1,   6,  20,  22,   3,1638697603.515
  10,   6,   3, -20,  -7, -14, -33, -45,1638697603.535
  15,  11,  27,  25,   0,  -2,  16,  42,1638697603.538
   4, -19, -15,   1,  -4,   8,   8,   3,1638697603.545
 -30,  -1,  31,  10, -13, -26, -53, -28,1638697603.545
  25,  22, -12,  -4,  13,  20,  26,  41,1638697603.557
   0,   8,  13,   8,   3,   2,  -9, -26,1638697603.558
  -7,  -7, -11,   2,   0,   0, -12, -11,1638697603.559
 -22, -24,   2,   3,  -6,  -7, -14, -24,1638697603.559
 -23, -21, -52,  -6,  -4, -14, -30, -15,1638697603.573
 -11,  17,  25, -17,  -3,  13,  17,   0,1638697603.573
  19, -13,  18,  10,  10,  10,  22,  21,1638697603.579
 -14,  13,  17,  51,   4,   0,  -9, -15,1638697603.579
 -24, -10,  -4, -24,   0,  13,  82,  42,1638697603.595
  30,   9, -16,  -8,   1, -12, -59, -62,1638697603.595
  24,  12,  -4, -13,  -1,   3,  11,  32,1638697603.597
  23,  -9,   1,   2,  -6,  -4, -10,  -2,1638697603.597
 -30, -10,  -7,  -1,  -5, -12, -37, -27,1638697603.618
   3,  10,  14,   2,  -2,  -1, -10,  -5,1638697603.618
  13,   2,   8,  13,   7,  18,  66,  32,1638697603.620
 -25,  -5,   6,   5,   2, -15, -59, -28,1638697603.622
  18,   3,  26,  23,   1,  18,  44,  45,1638697603.632
 -19,  -7, -42, -56, -17, -20, -26, -25,1638697603.632
   2,  -7, -14,   2,   1,   7,  30,  15,1638697603.639
  -2,   9,  -2, -21,   7,   2, -21, -37,1638697603.639
 -27, -15,  13,   5,  -4,  -3,   8,   5,1638697603.655
  51,  22,  15,  17,   3,   5,  29,  36,1638697603.655
 -12, -31, -48, -24,  -7, -12, -41, -17,1638697603.657
 -52,  -6,  24,   4, -15, -29, -63, -78,1638697603.657
  38,   7,   6,  11,   9,  13,  38,  53,1638697603.677
   8, -16, -44,  -2,  -1,  10,  74,  51,1638697603.677
   9,  12,  58,  -2,  -2,  -4, -22, -32,1638697603.678
   1,   8, -15,  18,   4,  -4,  -3,  -2,1638697603.678
 -24, -21,   5, -13,  -4,  -4, -14, -19,1638697603.691
  -3,   9, -16, -24,  -5,   4,   0,  32,1638697603.691
  13,  -2, -13,  -7,  -2, -10, -45, -43,1638697603.698
   1,   0,  13,   7,   5,   7,  40,  14,1638697603.698
  19,  14,   1,   2,  -4,  -5,  -6,   9,1638697603.715
   9, -13,  11,  21,   7,  12,  45,  41,1638697603.717
 -46,  -5, -10,  43,   3, -10, -30, -50,1638697603.724
  -1,   2, -10, -44,   3,   2, -22,   1,1638697603.724
  23,   0,   7,  10,  -2,   3,  -1,  -4,1638697603.737
 -11,  29,  18,   2,   0,  -9, -14, -25,1638697603.737
  11, -12,   6, -23, -10,  -2,   8,  -2,1638697603.738
   6,   4,  -7,  21,   3,   1,  -6, -16,1638697603.739
  -9,   4, -22,  -4,   3,  -3,  17,  23,1638697603.751
 -10,   5,   3, -11,  -6, -13, -86, -47,1638697603.751
 -37,  -1,  10,  42,  14,  25,  80,  67,1638697603.758
  64,  34,   2, -30,   2,  16,  32,  58,1638697603.758
  -1, -21, -12,   6,   5,   3, -19, -10,1638697603.775
  -9,  -4,  -3, -18,  -8,   1, -15, -17,1638697603.775
 -45, -21,  28,   2, -17, -21, -53, -53,1638697603.776
  -4,  -4, -13,  -2,  -3,   1,  32,  21,1638697603.776
 -12,  12,  15,   2,   0,   2,  -8, -14,1638697603.797
 -12, -13,   5,  20,   9,  -1, -26,   1,1638697603.797
  10,  -1, -35,  -6,   4,  -9, -35, -40,1638697603.799
   3,  -2,  31,  11,  -5,  16,  53,  74,1638697603.801
 -39, -17, -21, -20,  -5, -24, -62, -87,1638697603.813
  21,  -1,   6,   2,  -1,  10,  71,  74,1638697603.813
  30,   8,   4, -22,   2,   5, -13,  -3,1638697603.818
 -32,  -1,  -1,  19,   3,  -6, -21, -26,1638697603.818
  53,   4, -15,   7,   6,   1,   0,  20,1638697603.835
 -30,  10, -21, -17,  -3,  -9, -42, -42,1638697603.835
 -23,  -7, -16, -28, -14,  -6,  10,  17,1638697603.836
   9, -15,  16,  28,   1, -14, -42, -43,1638697603.836
 -15,  13,  15, -13,  -2,  25,  87,  56,1638697603.857
 -13, -14, -13,  -1,  -1,  -4,   3,  18,1638697603.857
  48,  12, -11,  -5,   4,  -1,  -5,   4,1638697603.859
 -28,  -9,   5,   4,  -8,  -8, -38, -38,1638697603.859
  50,  10,   3,   6,   0,  -5, -13,   0,1638697603.872
  -6, -23,  -4, -43,  -8,   4,  31,   9,1638697603.872
  -5,  26,   6,  28,   6, -13, -75, -44,1638697603.879
  -6,  -9,   6,  -9,   2,  17,  66,  50,1638697603.879
 -21,  -1, -13, -13,  -5,  -5, -29, -38,1638697603.895
  -8,  -4,  31,  61,  15,  14,  31,  12,1638697603.897
   6, -15, -43, -54, -14, -11, -15,   2,1638697603.905
  29,  13,  -2,   6,   7,  14,  45,  34,1638697603.905
  33,  25,  29,  13,   1,   7,  14,  39,1638697603.917
 -14, -11,  -9,   2,  -1,  -8, -12, -15,1638697603.918
  21,  -2, -13,   9,   3,   3,  14,   3,1638697603.919
  -1,   8,  17,  -4,  -2,  -5,  -9, -23,1638697603.919
 -15, -17, -25,  16,   6,   0,   8,  -3,1638697603.931
  35,  18,  68,  -7, -16,  -7, -10,   3,1638697603.931
  38,  -3, -21,  -4,   6,  15,  25,  39,1638697603.940
 -16,  -5, -19, -10,  -7,  -5,   0,   3,1638697603.940
 -32,  -7,  -4, -16,   1,   4, -13, -24,1638697603.962
  28,  -3, -12,  42,  10,   3,  11,  34,1638697603.963
  25,  21,   9, -51,  -7,   6,  16,  14,1638697603.964
 -13, -11,  -5,  16,   1, -18, -64, -47,1638697603.964
   5,   1,   4, -24, -11,   3,  14,  20,1638697603.978
 -14, -11, -11,  -2,  -2,  -7, -45, -45,1638697603.978
   1,  27,  11,  10,   6,  11,  82,  46,1638697603.979
  -3, -19, -16,  20,   8,   1,  -7,   9,1638697603.982
 -16,  -3,  -6, -15,  -6, -11,  -4, -13,1638697603.992
 -28, -18, -11,   2,   3,   1,  -4, -20,1638697603.992
   3,  -6,  44,  43,   1,  -5,  -2, -10,1638697604.000
  -4,   6, -31, -58,  -8,  -3,  -2,   5,1638697604.000
 -20,  -7,  -2,  11,  -1,   0,  13, -30,1638697604.015
  20,  -5, -22,  -3,  -4, -15, -36,  11,1638697604.015
 -16,  -1,  20,  28,   5,   9,  14,   2,1638697604.017
 -22,  -3,   1,  32,   5,  -5, -28, -30,1638697604.017
   3, -17,   2, -36,  -4,   7,  38,  40,1638697604.044
  25,  23,  21, -14,  -1,   1,  16,   4,1638697604.044
 -19, -10, -21, -18,  -3,  -7, -37, -36,1638697604.046
   4, -12,   8,  19,  -1,  -7,   1, -23,1638697604.046
  12,   5,   8,  14,   6,   6, -21,  11,1638697604.050
  -6,   4, -12,   0,   1,   6,  34,  18,1638697604.050
  11, -13,  -4,  -1,   4,   0,   5,  39,1638697604.060
 -12,  11,   8, -21,  -5,  -2, -50, -30,1638697604.060
   3,  -9, -19,   2,   8,  10,  32,  23,1638697604.074
  45,  11,  43,  30,   9,  10,  37,  24,1638697604.077
 -20, -12,  -7,  -8,  -2,   6,  16,   8,1638697604.083
  14,   9, -22,   4,   1,  -2,  23,  27,1638697604.083
 -38, -13,   0, -30,  -2, -11, -34, -53,1638697604.097
  -9,   8,  -4,  15,   1,  -1, -12,  -4,1638697604.097
 -23, -31, -20, -26,  -2, -13, -18, -23,1638697604.098
   4,  -4,  12,  -8,  -8,   7,  34,   6,1638697604.099
 -13,  -1,  12,   9,  -6, -24, -88, -53,1638697604.110
   0,  23, -18, -20,   6,  29,  99,  84,1638697604.111
  -1,  -8, -12,   7,   0,   2,   2,  -5,1638697604.119
   3,  -1,  19,  12,  -3,  -6, -31, -13,1638697604.120
  11,   6, -22,  -1,  -4,  -2, -12,   7,1638697604.134
 -30, -25,  -3,   0,  -5, -22, -60, -55,1638697604.135
 -56,  10,  38,  10,  -4,   3, -10, -29,1638697604.136
  77,  13, -25, -12,   7,  19,  43,  58,1638697604.136
  16,  17,  19,  31,   6,   0,  16,  23,1638697604.157
  -7,  -2,   4,  -1,  -2,  -1, -12, -33,1638697604.157
  -9,  -4,  -8,  10,  -1,  -8, -12,  17,1638697604.159
 -35, -13,  25,  -9,  -5,  -7, -43, -54,1638697604.161
 -13,  19,   7,  32,   1,  10,  34,  32,1638697604.171
  31, -17, -51, -53,  -1,  17,   7,  29,1638697604.171
  -7,   8,  53,  25, -10, -25, -32, -30,1638697604.180
  39,  19, -13,  21,  16,  13,  25,  19,1638697604.180
  15,   1, -29,  -4,  -3,  -5, -30, -22,1638697604.195
 -29,  -4,  24,  20,  -6,  -3,   2, -32,1638697604.195
   8,   8,   6,  -7,  -8, -19, -22,  24,1638697604.197
 -10, -15,  -4, -11,   1,   6,  -8,  -7,1638697604.197
  18,  -3,  15,  26,   0,   5,  31,  30,1638697604.217
 -10,  13, -32, -24,  -1,  -2,  -4, -36,1638697604.217
  -3,   1,  18,  44,   5,  -6, -65, -55,1638697604.219
  19,  -6, -16, -20,  -4,  -4,  72,  55,1638697604.219
 -43, -13, -16, -48, -10,   0, -14, -26,1638697604.231
 -16,  10,  20,  22,   8,   2,  19,  13,1638697604.231
  26,  15,   3,   9,   5,  10,  15,  -4,1638697604.240
   5,   5, -15,  -9,  -4,  -7,  -6,   1,1638697604.240
  -6,  -7,   1,   4,   4,   4,   8, -28,1638697604.255
  15,   5,   5,  -6,  -4,   0,  39,  39,1638697604.257
   4,   0,  11,   5,   5,  10,   4,   1,1638697604.263
  -3,  -2, -28,  -7,   0,   0,   9,  13,1638697604.263
  -5,   2,   9, -27,  -1,  -1, -18, -34,1638697604.277
 -45, -13,  34,  24,  -4, -15, -44, -29,1638697604.277
  41,   3, -31, -33,  -4,   2,  18,  17,1638697604.278
  -4, -17,  -5,   8,  -7,  -4,  -3,   2,1638697604.278
  14,  11,  -7, -38,  -5,  -4,  -8, -18,1638697604.291
   1,  11,  -6,   1,   5,  -2, -40, -25,1638697604.291
 -21, -14,   4,  18,   7,  11,  24,  26,1638697604.299
  32,   8,   4, -17,  -3,  -1,  -6,  -7,1638697604.299
  19,   9,   4,  31,   1,  -3,  -1,  15,1638697604.314
  -7, -24, -22, -24,  -2,   1,  15,  -7,1638697604.314
 -11,   1,   1,  -8,  -1,   9,  32,   7,1638697604.316
 -35, -17, -13,  14,   3,  -7, -30, -42,1638697604.316
  26,  -2,  26,  -9,  -1,  13,  50,  63,1638697604.337
 -16,   2,  -2,  -1,  -2,  -8, -15, -30,1638697604.337
   5,   2,  -7,  -2,  -4,  -9, -16,  -4,1638697604.338
   2,   0,  -7,  -3,   7,  11,  23,  31,1638697604.341
 -50,  -2,  38,  19, -11, -24, -80, -54,1638697604.360
  23, -31, -30,  18,  -1, -12, -31,  14,1638697604.360
  21,  27,   9, -12,   5,  10,  43,  11,1638697604.366
  -1,  21,   9,   0,   4,  -4, -39, -40,1638697604.366
 -17, -10, -34, -13,  -4,   7,  32,  22,1638697604.375
 -19,  -1,  35,  -3, -10,  -6, -48, -49,1638697604.375
 -23, -22, -37,   0,  -1,  -5,  30,  43,1638697604.376
  12,   3,  21,  23,  -2,  -6, -29,  -6,1638697604.376
  28,  21,  -5,   2,   5,   2,  18,  29,1638697604.397
 -11,   4,  -3,  -6,   1,  -5, -21, -29,1638697604.397
  24,  -7,  14,  13,   1,  -7, -16,  -1,1638697604.399
 -27, -10, -19, -39,  -4,   6,  14,   4,1638697604.399
   4,  -6,  29,  37,   6,   2,   9,  20,1638697604.420
  40,  15, -22, -15,   1,   4,  18,  19,1638697604.420
 -32,  -3,  -3,   4,  -9, -16, -80, -70,1638697604.422
   3,   0,  -8, -25,  -5,  19,  74,  80,1638697604.422
  34,  -4,   3,  24,   5,  -5,  -1,  11,1638697604.435
 -24,  10,  11,  17,   8,   7,   3,  -4,1638697604.438
  -3,  -7, -27, -20,   2,   2,   7,   5,1638697604.444
  11,  22,  36,   4,  -6,   2,  22,   0,1638697604.444
 -40, -14,  11,   7,  -1, -17, -34, -65,1638697604.458
  26,   0,  -3,   9,   5,  14,  22,  59,1638697604.458
  -3,   2,  12,  -2,  -2,   3,  -7,  -1,1638697604.459
 -14, -22, -37,  -6,   0,  -5,  11,   0,1638697604.459
 -22,  -3,  16,   4,   3,   5,  -3, -17,1638697604.480
  25,  14,   5,   6,  -2,   0,  -2, -15,1638697604.480
  -5, -13,   5,   9,  -7, -12, -27,  -6,1638697604.482
   2,  -3,  27, -18,   5,   1,  17,   1,1638697604.482
 -18, -12, -14,  12,   3,   8,  22,  16,1638697604.495
 -20,  -4, -23, -44, -10, -12, -13, -43,1638697604.495
  25,  18,  31,  37,  10,  15,  -1,  31,1638697604.497
  11,   5, -14, -14,  -8,   1, -10, -13,1638697604.497
  34,  -7, -19,  -8,  -6, -21, -68, -26,1638697604.517
 -14, -15,  41,  10,   0,  13,  67,  29,1638697604.517
  13,  -1, -13,  -8,  -1,  -2,  -2,   8,1638697604.518
  -7,  13,   3,  45,   2,  -3,   2,  -4,1638697604.520
  21,  21, -33, -41,  -4,  13,  12,  15,1638697604.539
  22,   3,   4,  17,  -3,   0,  16,  55,1638697604.539
  -5,  -2,  -7,   7,   3,  -4,   2, -29,1638697604.541
 -23, -19,  33,  13,   0,  -4,  -9,  -2,1638697604.541
  12,  18, -28, -10,   3,   0, -12,  20,1638697604.554
  -7,  -7, -13,   6,  -2,  -4, -27, -29,1638697604.554
  -3,   4,  34,  -1,  -6,  13,  65,  32,1638697604.560
   1,   0, -11,   0,   1,  -7, -30,  -8,1638697604.561
  -9,   7, -19, -10,   5,   3,  15,   3,1638697604.578
   7,  -6,  11,   0,  -6, -11, -47, -20,1638697604.578
 -18, -16, -24, -20,  -5,   2, -30, -30,1638697604.579
 -25,   6,   2,  40,   5,   6,  35,  13,1638697604.580
  22,  -7,  19, -19,  -9,  -2,  15,  11,1638697604.600
  -4, -11, -28, -13,   4,  -1, -21,  -4,1638697604.600
 -14,  20,  35,  16,  -1,  -4,   1, -20,1638697604.602
   8,  -4,  -5,  -9,   4,   1, -44, -11,1638697604.602
 -35,  -6,  -8,  16,   4,  10,  27,   8,1638697604.614
  33,  -3,   0, -11,  -6, -15, -19,  28,1638697604.617
  28,  23, -52, -74,  -3,   9,  16,  15,1638697604.626
   2,  -1,  34,  28,   6,  11,  19,  -5,1638697604.626
   4,   4,  27,  12,  -4, -11,  24,  18,1638697604.637
 -42, -12, -24,  12,   4,  12,  10, -21,1638697604.637
  25,   2,   3,  -1,   7,   7,  18,  26,1638697604.638
 -11,   2,  28,  17,  -5,  -2, -10, -14,1638697604.638
   0, -25, -15, -40,  -9, -16, -48, -52,1638697604.659
   2,  22,  28,  18,  -3,  10,  60,  54,1638697604.659
  -5, -12, -34,   3,   2,  -9, -11, -27,1638697604.661
  -9,  -3, -21, -19,   3,  10,  46,  25,1638697604.661
  -4,  -5,  15,  36,   6,   4,   3,  10,1638697604.674
  -2,   8,  19,   7,   5,  -1,  26,  -8,1638697604.674
   4,  -5,  -8, -20,  -6,   2,   7,  11,1638697604.680
  -7, -11, -14, -16,  -4,  -7, -34, -13,1638697604.681
 -37,   3,  -9,  -4,  -4,   1, -10, -18,1638697604.697
   7,  -6,   1, -28,  -3,  10,  20, -10,1638697604.697
   7,   0,  -9,  37,   7,   0,   2,  14,1638697604.698
   3,   1, -22, -39,  -2, -11, -38, -31,1638697604.700
  -5, -12,  -3, -10,  -4,   3,  18,   7,1638697604.720
 -39,   4,   3,  16,  -4, -14, -21, -28,1638697604.720
   7,  -9,  11,   6,  -1,   8,  23,  33,1638697604.721
  16,  15,  52,  15,  -7,  -8, -33, -13,1638697604.721
  11,  -4, -17,  -9,  -5,   1,  11,  18,1638697604.734
  31,  19,  11, -16,   1,   7, -14,  -9,1638697604.734
 -46,  -8, -25,  -4,  -7, -19, -21, -41,1638697604.741
 -10, -11,  -6,  15,   1,  -3, -13,   1,1638697604.741
  12,   2, -11,  -3,   6,   1,  22,  36,1638697604.757
   0,  15,   8,  -2,   3,   2,   4,  11,1638697604.757
  -6, -11,   1,   5,   2,  -6, -19, -22,1638697604.758
  -1,   0, -25,   2,   4,  -3,  -9,  -9,1638697604.758
 -21,   1,  48,  20,  -3,  -2, -15, -38,1638697604.780
  16,   5, -24,  -7,  -6,  -7,  -2,   6,1638697604.780
   4,  15,  14,  -7,   2,  16,  70,  46,1638697604.781
   6,   2,   8,   6,  -4,  -6, -14, -10,1638697604.781
  33,   6, -31,  10,  10,  10,  10,  32,1638697604.794
 -54, -32,  12,  12,   0,  -5, -22, -40,1638697604.796
  17,  13, -33,  -5,   5,  -2, -33, -14,1638697604.804
  11,  20,  25, -21,  -8,  -8,   6,  14,1638697604.804
   1, -10,  27,   0,  -6,   5,   2,   8,1638697604.817
  -1,   0, -16,  -2,  -2,  -6, -12,  -6,1638697604.817
  -1, -20,  10,   5,   1,   4,   3,  -3,1638697604.819
   9,  21,   0,  -4,   2,   2,  18,  15,1638697604.819
  14,  12,  -6,  14,  -2,  -8, -13,  -3,1638697604.840
 -34, -30,   2, -26,   0,   3,  18,  -3,1638697604.840
  18,  16,  11,  30,   8,  10,  25,   8,1638697604.843
  26,  -4, -11, -11,  -3,  -5,   0,   3,1638697604.843
  34,  13,   4,   2,   3,   4,  10, -10,1638697604.854
   3,   3,  -6,  11,   8,   6,  -1,  46,1638697604.854
 -52, -14,   2,  -1,  -6, -13, -63, -65,1638697604.862
   9,  -3,  24,  17,   3,   4,  44,  25,1638697604.862
  -4,  13,  11,   5,   3,   6,  10,  12,1638697604.877
   5,   2, -25, -13,  -8, -10, -31, -29,1638697604.877
   6, -21, -13, -19,  -1,  10,  36,  32,1638697604.879
  -1,   7,  -5,  -4,   0,   1, -21, -11,1638697604.882
 -20, -16, -37,   6,  10,  -8, -33,  -3,1638697604.901
  -6,   9,  47,  20,  -2,   3,  23,  22,1638697604.901
  11,   1,   5,  -4,  -2,  -6, -20, -10,1638697604.901
  -6,  -6,  14,   9,   2,  12,  11,  -8,1638697604.901
   4,  -2, -19, -23,  -5,  -9,   5,  -6,1638697604.914
   0,   0, -11,  14,   6,   4, -26, -12,1638697604.914
  -2,   2, -10, -20,  -2, -10,  43,  14,1638697604.922
 -19, -14,  -9,   4,   1,  12,   5,   2,1638697604.922
   2,  -6,  -9,  -8,  -4,  -4,  10,  -7,1638697604.937
  48,  24,  28,  11,   1,  10,  42,  29,1638697604.938
 -32,  -5,  -7,  -9,  -8, -11, -25, -22,1638697604.939
  22,   7,  -9,  -4,  -4,  -6,  -8,   7,1638697604.939
   2,  20,  20,  22,   6,   8,  14,   0,1638697604.960
 -27,  -6, -39, -40, -11,  -5,   3,  -3,1638697604.960
   7,   5,  38,  22,   1,   3,  12,  19,1638697604.961
 -11,  -3, -13,  -2,  -4, -14, -35, -31,1638697604.962
  12,   0, -32, -39,   1,  13,  28,  30,1638697604.974
 -15,  -1,  39,  22,   5,  -5, -24, -18,1638697604.976
  -4,   1,  -6,   1,   0,   3, -28,   5,1638697604.991
   0,  -9, -19, -13,  -4,  -4,   7,   4,1638697604.991
 -15,  -3,   7,  -8,   0,   0, -18, -33,1638697604.997
  30,   4,  14,  15,   4,   7,  37,  29,1638697604.997
 -28,   2, -14,  -4,  -5,  -6, -10,  10,1638697604.998
  24,   5,  20,  29,   0,  -4, -22, -25,1638697604.998
  10,   7, -13, -16,  -3,  -2,   0,   7,1638697605.020
 -19, -22, -34,   1,   1, -10, -11, -21,1638697605.020
   6, -26,  40,  16, -12, -14, -29, -30,1638697605.023
  -8,  21, -10, -11,   6,  12,  52,  28,1638697605.023
 -34,   4,   0,   2,  -7,  -1, -11,  -4,1638697605.043
 -13,  -8, -20,   6,   3,   1, -17, -31,1638697605.043
  19,   6,   1,  -7,   0,  -1,   8,  -4,1638697605.043
  10,  -3,   7,  16,   6,  -1,  -7, -15,1638697605.044
 -12,  -5,   3, -16,  -5,  -7,  -7,  23,1638697605.057
  15,   9, -11, -25,  -1,   6,  15,   1,1638697605.057
  30,  -5,  11,  29,  10,   8, -15,   3,1638697605.058
 -15,  -1,   2,  10,  -1,  -2, -25,  -9,1638697605.060
   3,  11,  -5, -22,  -7,  -3,  33,  18,1638697605.080
 -52, -27,   9, -22, -11,   6,  25,  11,1638697605.080
  23,  11, -20, -11,  -1,  -9, -22, -14,1638697605.080
  32,  -8,  32,   8,  -2,  11,   5,   8,1638697605.081
 -22,  -1,  19,  43,   4, -15, -23, -11,1638697605.102
  26,   4, -14,  -7,   0,   7,  12,  13,1638697605.102
   0,   1,   1,  19,   8,   6,  28,  16,1638697605.103
 -48, -11, -23, -37,   1,  -3, -26, -19,1638697605.103
   0, -11,  14, -24,  -8,  -4,   5, -23,1638697605.116
  12,   2, -17,  -9,  -3,  -7, -23,   2,1638697605.116
 -12,   7,  12,   5,   4,   9,  49,  31,1638697605.117
  28,  -4, -13,  -5,  -4,  10,  35,  14,1638697605.117
   9, -10,  11,  26,   5,  -6, -33, -11,1638697605.139
   1,   9,  -8, -31,  -5,  -3,   9,   8,1638697605.139
  15,   7,   8,   3,   6,  11, -13, -43,1638697605.139
  -7, -22, -33, -10,  -4, -18, -18,  10,1638697605.139
 -27, -11,  21,  22,   8,  15,  31,  10,1638697605.162
   1,  14,  11,  13,  -4, -11, -25, -29,1638697605.164
  -5,  -8, -25, -50,  -4,  -2, -14,  -6,1638697605.165
  -9,  26,  43,  35,  -1,   8,  49,  24,1638697605.165
  19, -16, -10,   0,   3,  11,  31,  17,1638697605.176
  -1,  -1,   9,  20,   7,   1,   9,   9,1638697605.177
 -12,  -3, -16,   3, -10, -20, -39, -17,1638697605.177
  -3,  -1, -32, -23,   4,   4, -19, -26,1638697605.177
  25,   9,  13,   9,  -4,  -6, -18,  12,1638697605.199
   3,   7,   9,   2,  -2,  -1,   1,  -7,1638697605.199
 -31,  23,  19,  17,   4,  10,   7, -12,1638697605.201
 -31, -32, -34, -36,  -6, -18, -38, -22,1638697605.201
  11,  15,  22,   4,  -7,   4,  17,   7,1638697605.222
   3, -19, -50, -19,   2,  -1,  -5,  10,1638697605.222
  12,  17,  43,  25,   4,  11,  16,  23,1638697605.223
  16,  18,   9,  26,   8,   2,  13,  14,1638697605.223
  -4,  -7,   0, -33, -11, -12, -41, -28,1638697605.237
 -22,  -8,   9,   2,   2,  -4, -25,  -2,1638697605.237
  25,  11, -23,  -6,   0,   5,  17,  15,1638697605.237
  -1, -19,  13,  17,   5,   1,  21,   8,1638697605.240
  11,  24, -10,  -6,   0,  -1, -30, -19,1638697605.259
  21,  -8,  10,  36,   8,  12,  34,  20,1638697605.259
 -15,  -3,   5, -43,  -6,  -1,  17,  24,1638697605.260
  -5,   2,  14,  15,  -2,  -1, -13,  -8,1638697605.260
 -14,  -6, -14,   7,   6,  -1,   1, -14,1638697605.273
  -1,   4,   0,  -9,  -6,  -5,  -5,  -6,1638697605.274
   9,  -3, -20, -14,   0,  -3, -22, -19,1638697605.282
 -14,  12, -26, -34,  -7,  -3,  12, -14,1638697605.282
 -10, -20,   4,   9,  10,  15,  18,  28,1638697605.297
  15,   8,   3,   8,   0,  -4,  -7,   3,1638697605.297
  -8,  -9,  13, -25, -13, -10,  -4,  -6,1638697605.297
 -38,  -1,   3,   3,  -4,  -2, -22, -13,1638697605.297
  50,  15,  12,  29,   4,   4,   2,   7,1638697605.320
 -10, -23, -15,   4,   2,  -7,   5,  -6,1638697605.320
  18,   1, -18,   8,  -2,  -8, -51, -44,1638697605.320
   6,   2,  16,   2,  -2,   7,  38,  64,1638697605.320
 -12, -10, -16, -23,  -2,  -9,  10,   0,1638697605.343
  63,  30,  -6, -15,   2,   4, -12,   1,1638697605.345
  -3, -14,   1,   8,   1,   0,   3,  15,1638697605.345
  -3,  -8,   6,   2,  -3,  -9, -30,   1,1638697605.345
 -17,   6, -13,  17,   5,   7,   4,  -6,1638697605.357
 -14,   2,  27,   1,  -9, -13, -57, -51,1638697605.357
   7,  -1,  -5, -13,   6,  16,  83,  73,1638697605.358
  -3,  -2, -11,  29,   5,   0,  -8, -29,1638697605.358
 -39, -20, -22, -12,  -9, -14, -45, -30,1638697605.379
  -4,   8,  14,  -5,  -3,  -1,  -5,   7,1638697605.380
  -3,   5, -34, -30, -12,  -8, -12, -11,1638697605.382
   3,  -4,  37,  26,   8,   4,  18, -10,1638697605.382
 -10,  -6, -18, -25,  -5,   4,  11,  15,1638697605.403
  21,   8,  -8, -22,   2,   7,  42,  40,1638697605.403
 -16,  -5,   8,  15,   5,   3,   3, -15,1638697605.403
   2,  12, -13,  -1,  -5,  -8,   0,  -4,1638697605.403
 -18,   0,  12,  -4,  -4,  -7, -27, -21,1638697605.417
 -16,  -6, -18,   2,   1,  -9, -44, -35,1638697605.417
   9,   0,   8,  -4,   1,   4,  32,  38,1638697605.418
  13,  -3, -21,  12,  -1,   6,   2,  -9,1638697605.419
  10,  -3, -12, -37,  -1,   3,  32,  19,1638697605.439
 -10,  -3,  13,   6,   3,  -5,  -4,   4,1638697605.439
  -5,   0,  12,  15,   1,  -5, -19, -34,1638697605.440
  12, -11, -36, -25,   0,   7,  23,  48,1638697605.440
   2,  18,  55,   7,  -3,  -4, -13, -15,1638697605.463
 -13,  -8,   2,  21,   1,   5,  50,  19,1638697605.463
   1, -13, -25,  -1,  -1,  -6, -20,  -7,1638697605.463
  -4,   1,   3,  -7,   0,  -1, -17,  -9,1638697605.463
  13,   6,  12,  20,   6,   8,  38,  10,1638697605.476
  -4,  -6,   3,   6,   4,   9,  -8,   8,1638697605.476
 -14,  -7,  -5,  -1,  -1,  -2,  -1,  -5,1638697605.477
  -5,   2, -21, -24,  -5,  -7, -15, -13,1638697605.477
   0,   6,  19,  18,  13,  23,  74,  38,1638697605.499
  19,   3,   4,  18,  -1,  -5, -15, -20,1638697605.499
  32,   4,  -8,  -3,  -2,  -2, -15,  -1,1638697605.499
  -3, -25, -45, -31,   0,   2,   8,  10,1638697605.499
   6,  21,  72,  21, -10,  -5, -21, -24,1638697605.522
  -6,  -9, -20, -19,  -6,  -2,   7,  29,1638697605.524
 -17,  -3,   5,  -2,  -7, -12, -39, -11,1638697605.524
  -2,  -2,  19,  16,   4,   6,  19,  16,1638697605.524
  -7,  -7, -46,   0,  -1,  -8, -20, -23,1638697605.536
   3,   7,  12,  10,   8,   8,   7,   5,1638697605.536
   1,   0,  13,  16,   6,  -2, -13, -22,1638697605.537
 -30,   6,  21, -46, -23, -21, -80, -43,1638697605.537
  30,  -6, -18,  24,   7,   7,  36,  47,1638697605.559
 -32,  -4,  -5, -13,  -6,   3,  -3, -17,1638697605.559
  46,  13,  -1,  11,   6,  -1,   8,  31,1638697605.561
   8,  10,  15,  18,   2,   2,   5,  -8,1638697605.561
 -26,  -9, -11,   7,  -3,  -6, -39, -54,1638697605.582
   7, -15, -26, -33,  -5,  -1,   6,   8,1638697605.582
 -15,  -1,   4, -23,  -5,   1,  25,  19,1638697605.583
 -26,  -6,   5,  19,   3,  -1, -22, -30,1638697605.583
  34,  23,   1,  15,  -1,  -7,  -2,  26,1638697605.596
   4,  -2,  -2, -12,   5,   1,   2, -16,1638697605.596
 -52, -15, -10,  16,   1,  -2, -22, -42,1638697605.597
  53,  18,  11, -28,  -7,   5,  30,  32,1638697605.599
 -11, -10, -18, -15,   1,   1,  18,   9,1638697605.619
 -10,   3,   8,  23,   6,   5, -13,  -3,1638697605.619
  -4,   5,   1,   6, -10, -20, -55, -57,1638697605.620
 -17,  -9,  -7,   5,   2,   6,  48,  31,1638697605.620
  17,  -1,  10, -13,   2,  -1, -17,  19,1638697605.642
  23,  -2, -32, -47,  -8,   0, -21,   8,1638697605.642
  18,  18,  72,  12,   0,   6,   3,  -1,1638697605.643
   2,  -3,  -1,  31,   9,  -1,  18,   9,1638697605.643
  -8,  -9,  -4, -17,  -8,  -2,   1,  -7,1638697605.656
 -18,  -1,  16,   7,   2,  -1,  -1,  -8,1638697605.656
   3,  -2, -27,  -1,   0,  -2,   7, -15,1638697605.657
  -7,   8,   0,  -1,   5,   0, -18,   1,1638697605.657
   6,   2, -22, -32,  -5,   0,  -8,  12,1638697605.679
 -10,   6,  23,  27,  -1,  -2,   9,   2,1638697605.679
  -4, -13,  -3,  -1,   2,  -1,  10,   5,1638697605.680
  11,  -1, -24,  -4,  -2,   6,  20,   9,1638697605.680
 -22,  -8,  13,  -8,   0,   1, -16, -10,1638697605.702
  40,  34,   9,  -8,  -6,  -8, -14,  -3,1638697605.704
 -20, -13, -16,  -3,   3,   9,  42,  27,1638697605.704
   9,  10,   9,   7,  -2,  -8, -45, -46,1638697605.704
 -19, -10,  -9,  15,   6,  -5,  -4,   4,1638697605.717
  -8, -13, -15, -25,  -5,   2,  11,  11,1638697605.717
 -28,  -1, -10,  -9,   1,   3,   1,   1,1638697605.718
   2,  11,  22,   2,  -1, -11, -20, -19,1638697605.718
  -7,  -2, -18,  18,   3,  -1, -32, -43,1638697605.739
 -11, -12,  21,   6,   1,  -1,  -9, -21,1638697605.739
  24, -12,   1,   0,  -3,  10,  67,  59,1638697605.741
 -23, -12, -23,  -8,   3,   8,  28,  13,1638697605.741
  15,   7,  41,  13,  -5,  -7,  12,  11,1638697605.762
  26,  -6, -22,  18,   4,  -6, -11,  -4,1638697605.763
 -42,  -1, -13, -35,  -7,  -5, -16, -20,1638697605.763
  23,   2,  -1,  14,   8,   5, -19,  -8,1638697605.763
  -3, -22,   7,  13,   3,   9,  13,  22,1638697605.778
   8,  24,  -1, -13,  -3,   0,   5,  12,1638697605.778
  21,  21,  26,  25,   2,   2,  -5, -14,1638697605.778
 -22, -24,  -2,  -6,   0,  -4, -16,  16,1638697605.781
 -15,  -7, -47, -20,  -3,  -2, -24, -23,1638697605.800
   2,   4,  42,  15,  -5,   2,  17,  10,1638697605.800
  -4, -10,  -9,  -2,  -1,  -2, -16,  -5,1638697605.800
  -4,   5,  -5,  -6,   3,   6,   0, -12,1638697605.800
  25,   6,  12,   4,  -3, -10,  -2,   1,1638697605.823
 -19, -10, -33,   6,   2,  -3,  10,  -3,1638697605.823
   2,   2,   3, -22,  -7,   7,  14,  25,1638697605.823
  -5,   2,  -6, -23, -12, -17, -54, -49,1638697605.823
  23,   8,  14,  -3,   4,  19,  88,  55,1638697605.837
 -15, -12,  15,  26,   4,   0,  -8,   8,1638697605.837
   9,  -1, -20, -18,  -4,  -5, -22, -10,1638697605.838
  15,   7,   9,  14,   3,   3,  25,  28,1638697605.838
 -21,  13, -21,   2,  -1, -10, -39, -56,1638697605.860
 -19,  -5,   1, -10,   2,   7,  22,   1,1638697605.860
  14, -10,  -5,   8,   6,  -1, -12,  21,1638697605.860
   5, -19,  -2, -14,  -6,   4,  11,  15,1638697605.860
   5,   2,   3,  -8,  -1,  -1, -15, -15,1638697605.883
 -28,   0,  -6,   7,  -3, -18, -93, -63,1638697605.885
  15,   5,  20,  28,   9,  15,  79,  52,1638697605.886
   9, -12, -11, -20,  -4,   7,  25,  37,1638697605.886
 -33,   3,  30,  35,   1,  -6, -27, -32,1638697605.904
  20,   4, -11, -39, -13,   0, -13,  44,1638697605.904
  26,  -4, -13,  -2,   0,  -1, -10,  -4,1638697605.905
 -15,  15,  18,  21,  -3, -12, -21, -34,1638697605.905
   5,  -9, -17,   6,   7,   9,  25,  32,1638697605.919
  27,   8,  42,  19,   7,   1,   6,  -1,1638697605.919
  -2,   2, -14,  -7,  -9,  -8, -25, -25,1638697605.921
 -17,   1,  -4, -17, -10,  -1,  22,  13,1638697605.921
  -7, -12, -17, -12,  -9, -18, -58, -39,1638697605.943
 -34,   2, -10,   1,   7,  12,  52,  -7,1638697605.943
   2,  -8,  -3,   2,  -1,  -3, -21,  22,1638697605.943
  20,  -1,  20,  20,   4,   1,  14,   5,1638697605.943
   1,   4, -12, -28,  -4,  -8,  10,  18,1638697605.956
 -30, -23, -21,  16,   6,   3,  -5,  32,1638697605.956
  -3,  15,  50,   3,   6,   1, -12, -18,1638697605.964
  25,   8, -11,   5,  11,   8,  17,  27,1638697605.966
   8,   7,  27,  15, -12, -10, -45, -48,1638697605.979
  64,   0,  -8,  -4,   4,   5,  64,  83,1638697605.980
 -35,  -8, -26, -18,  -3,   1, -30, -36,1638697605.980
 -28,   2,  22,  12,   5,  -9, -27,  -8,1638697605.980
  12, -10, -16,  -7,  11,   9,   9,   4,1638697606.011
   4,  16,  31,   4,  -1,   4,   7, -23,1638697606.011
 -19, -17, -15,  -2, -10, -10, -22,   4,1638697606.011
  16,  12,  12,  -6,   3,   3,   0,   8,1638697606.011
  -7,  12,   9,  20,   5,   1,  18,  11,1638697606.017
 -17, -13, -23, -12, -11, -12, -47, -65,1638697606.017
  17,   2,  18,  18,   4,   6,  39,  59,1638697606.025
 -26,  -4,  -4, -12,  -6,  -8, -13, -16,1638697606.025
 -26,  -6, -17, -30, -12, -10, -27, -33,1638697606.039
  22,   6,  19,  27,   5,  12,  46,  31,1638697606.040
   5,   8, -15,   6,   1,   0, -17, -26,1638697606.040
  22, -20,   1,  -8,  -7,  -6,  10, -12,1638697606.040
   1,   0,  -2,   3,   6,  12,  31,  66,1638697606.062
 -20,  14,   7,  25,   3,  -3, -17, -13,1638697606.065
  -1, -12,  -6,   0,   2,   0,   3, -13,1638697606.065
   4,  19,   0,   1,   1,   4,   3,   1,1638697606.065
  15,   4, -14, -18,  -2,  -1, -18, -17,1638697606.076
   4,  -2,   7,   8,   2,  -2,  38,  40,1638697606.076
 -57, -11, -16, -27,  -9,   2,  22,  -3,1638697606.084
  56,   3,  -4,  -6,   1,   1, -24, -11,1638697606.084
  13,  -3,  -9,   9,   8,  10,  43,  22,1638697606.099
  39,   0, -10,  10,   3,   0,   4,  13,1638697606.099
  -8,  11,   5, -12,  -2,  -6,  -8, -24,1638697606.101
   2,   7,  33,  10,  -2,   4,  13,  18,1638697606.101
 -18,  13,  -2,   6,   3,   6, -14, -22,1638697606.122
 -37, -26, -11, -13,  -9, -11, -33, -51,1638697606.122
  21,   2,  -8,   3,   9,   3,  23,  20,1638697606.122
  -4,   7,  -9,   9,  -2,  -3, -21, -33,1638697606.122
  26,  -2,  -3,  -6,   1,   2,   0,  23,1638697606.135
  -6,   4,   2,  -9,  -6,  -1,  -5,  -3,1638697606.135
  10,  22,  29,  10,  -2,  -9, -18, -16,1638697606.144
 -30,  -8,  -3,  -2,   2,   0, -21, -24,1638697606.145
  15,  -4,   9,   6,  11,  10,  54,  37,1638697606.159
  31,  27,  -2,  10,  -2,  -7, -11,  -6,1638697606.159
  15, -21, -14,  25,  -1,  -4, -11, -26,1638697606.159
 -22,  -6,  -6, -25,   1,  -2,   1,  10,1638697606.159
   2,  -2,  -1, -19,  -8,  -4, -12,  -1,1638697606.182
   2,  -7,  -4,   0,   4,   6,  12,  14,1638697606.182
 -15,  12,  17,  15,   4,  -7, -38, -41,1638697606.182
   5,   6,  -2,   1,  -2,   3,  26,  19,1638697606.182
 -19, -12, -16, -11,  -6,   5,   6,   2,1638697606.195
  11,   9,  14,   9,   4,   2,  26,  19,1638697606.195
  -3,  -9, -18, -20,  -4,   0, -21, -15,1638697606.204
 -42,   6,   2,   6,  -1,  -7,   9,  -2,1638697606.204
  23,   0,  -4,   6,   0,  -4, -27,  -3,1638697606.219
 -28, -13,  -2,  -5,  -4,  -5, -18, -26,1638697606.219
  -8,  15, -15, -13,  -9, -13, -23, -14,1638697606.219
  12, -14, -24, -17,  -3,   4,   7,  29,1638697606.219
  37,   7,  24,   9,  -1,  -4,   6,  13,1638697606.242
   1,  -5, -18,   9,   9,  14,  30,  29,1638697606.243
   4,  -2,  50,  16,   3,   6,  25,  23,1638697606.243
 -19, -19, -20, -16,  -2,  -8, -29, -31,1638697606.243
  11,  21,  -2,  -7,  -4,  -1,   8,  10,1638697606.265
 -13, -18, -17, -12,  -6,  -7, -27, -23,1638697606.265
  -8,  -4, -18,  19,   5,   2,   8,   5,1638697606.265
  16,  -2,  11,  -4,   3,   5,  12,  13,1638697606.265
 -31,  -8,   3,   5,  -8, -16, -40, -46,1638697606.279
 -10,  -8, -21, -21,  -4,  -8, -18, -35,1638697606.279
   1,   7,   2,  -5,  -1,  11,  15,  18,1638697606.281
  43,   0,  24,  20,   0,  -5,   6,  43,1638697606.281
 -11,   6, -23,  16,   5,  -6,  -3, -31,1638697606.302
  49,  10,  38, -26,  -7,  18,  19,  63,1638697606.302
 -11, -10,   3,   1,   4,  -3,  17,  -5,1638697606.303
  -6,  13, -24, -18,  -4,   1,   7,   2,1638697606.303
 -19, -29,   6,   5,   3,  -6, -37, -40,1638697606.325
 -14,   7, -13,   0,  -6,  -7,   0, -24,1638697606.325
 -47, -19,  -3, -30,  -5,   0,   1,   8,1638697606.325
  53,  18,  11,  27,   6,   8,   9,   6,1638697606.327
 -15,  -5,  10,   4,   0,  -2, -22, -23,1638697606.340
  -8,  -9,   3,  -7,  -4,  -5,  36,  13,1638697606.340
 -27,  -5, -29,   9,   0, -13, -54, -44,1638697606.340
  30,  15,  60,  23,   4,  19,  80,  50,1638697606.341
   4,   5, -32, -30, -11,   2,  13,  28,1638697606.362
  -3,   6,   3,  -9,  -1,   0, -19, -13,1638697606.362
   0,   4,   0,   8,   7,   2,   6,   3,1638697606.364
 -13, -16, -15,  11,   0,  -3, -27, -28,1638697606.364
  -6,   0,   9,   2,   1,  -3,   3,  13,1638697606.385
  12,  12,   5,  13,   3,  -5, -14, -18,1638697606.385
  -3, -11,  -8,  -8,  -4,   2,  16,  25,1638697606.386
 -12,  -1,  13,  11,   1,   3, -16, -32,1638697606.386
  46,   7,  31,  10,   2,  10,  42,  35,1638697606.399
 -25, -11, -40, -51,  -9, -12, -69, -34,1638697606.399
  20,   6,  -3,  -8,   5,  18,  54,  54,1638697606.410
 -10,  -6, -16,  -8,   0,   4,   7,  18,1638697606.410
 -44,  -4,  -5,  15,   2,  -4, -10, -21,1638697606.424
  13,  16,  19,   9,  -1,  -3,   5,  -7,1638697606.426
  57,  -1, -15,   2,   5,   8,   2,  10,1638697606.426
 -32,  -6,   2, -13,  -5,  -8, -41, -26,1638697606.426
  -1,   5,  11,   1,   0,  10,  45,  37,1638697606.444
  -9,   5,  -3,  20,   2,  -4, -15,  -3,1638697606.444
 -15,   1,  16,  10,  -2,  -3,  11, -14,1638697606.446
 -13, -17, -23, -18, -10,  -9,  -7, -19,1638697606.446
   2,  -2,   4, -29,  -7,  -7, -23,   9,1638697606.459
   4,   1,  -2,  15,   8,   2,   8,   6,1638697606.459
   2,   9,  16, -11, -14, -24, -34, -38,1638697606.465
 -49,  -6,  -9,  18,  11,  16,   0,   4,1638697606.465
  49,   8, -24,  -4,  -3,  -2,   5,   5,1638697606.482
   7, -11, -12, -32,  -3,  11,  44,  35,1638697606.482
  20,   6,  11,   7,   2,   1,  -3,   2,1638697606.483
  -8,   3, -14, -12,  -7, -20, -39, -36,1638697606.483
 -18,   0,  27,  15,   2,   8,  33,  15,1638697606.504
  -1,  -4,  -3,  14,   4,  -3, -16, -27,1638697606.504
   4,   6, -12,  -8,   1,   0, -16,  -6,1638697606.506
 -15,   1,   6,  26,   0,  -1,  29,   0,1638697606.507
 -35,  -6, -14, -50,  -4,  -7, -36, -39,1638697606.519
  33,  -5,  17,   8,  -5,   5,   7,  21,1638697606.519
   8,  15,   6,  -7,  -1,   5,  10,  22,1638697606.525
  14,   0, -13,  -2,   1,  -6,  10,   0,1638697606.525
  21,   3,  10,  42,  12,  12,  41,  30,1638697606.542
 -32,  -4,  -6,  -1,  -1,  -5, -12, -22,1638697606.542
   9,   0,   5, -14,   0,   5,  -1,  -6,1638697606.543
 -34,   1,   2,  23,   1,   1,   4,  10,1638697606.543
  37,  -8, -29,  18,   0, -10, -27, -12,1638697606.564
   0,  10,  29, -58, -13,  -4, -13,  -3,1638697606.564
 -27, -12,  -6,  14,  -2,  -1,  11,  10,1638697606.566
  13, -12,   3, -23,  -1,  -3,   8, -24,1638697606.566
  -4,   5,  10,  20,   1, -16, -82, -31,1638697606.579
  27,  10,   6,  17,  17,  42,  93,  95,1638697606.579
  30,  -6, -13,  -1,  -6, -11, -25,  -1,1638697606.586
   1,   6,  11,   5,   1,   1,  -2,  -2,1638697606.586
   0,   1, -12, -23,  -2,  -1,  -8, -21,1638697606.602
  -7, -17, -13,  20,   2,  -8, -33, -41,1638697606.603
 -17,  12,  35,  30,  -1,   0,  15,  10,1638697606.603
  48,  -4, -21, -16,  -2,   0,   8,  55,1638697606.603
 -17,   4,  12,  -1,  -2,   5,  12,   1,1638697606.625
 -29,   2,   8,   8,  -8, -13, -23, -16,1638697606.625
  12, -12, -39, -27,  -2,   1,  -8, -25,1638697606.626
  20,  10,  20,  -4,  -7,  -6,   4, -19,1638697606.626
 -24, -14,  -7, -16,  -3,  12,  32,  24,1638697606.639
  -5,  -4,  -4,  10,   2,  -6,  -2,  -2,1638697606.639
 -11, -11,  -1,   3,   4,  -4, -12,   0,1638697606.646
  -4,  11,  10,   0,  -1,   2,  16, -10,1638697606.646
  14,   2, -11, -20,   3,   8,  -5, -10,1638697606.662
 -31, -18,  -7,  21,   2, -13, -40, -35,1638697606.662
  31,   6,  31,  15, -10,  -1,  31,  55,1638697606.664
   0,  -2, -19, -19,   4,   6,   3,  11,1638697606.664
   7,  -1,  11,  -8,  -6,  -4,   9,   4,1638697606.685
   2,   5, -20,  -7,   0,  -2, -19, -12,1638697606.685
  -1,  -2,  16,  22,   9,   1, -15, -13,1638697606.686
 -10,  -3, -13,   6,   3,  -1, -11, -17,1638697606.687
 -18,  -4,  24,  18,  -5,  -5,  -9,   2,1638697606.699
  -8,  -7, -12, -28,  -7,  -8,  -9, -26,1638697606.699
  10,  26,  12,  25,   7,  20,  30,  33,1638697606.706
   1,  -7,  -8, -10,  -3,  -5, -14,  -8,1638697606.706
  -9, -11,  14,  34,   4,   4,  17,   9,1638697606.722
  -4,   6, -19, -40, -13, -13, -32, -20,1638697606.722
  -7,   1,   4,  13,   2,   3,   3, -24,1638697606.724
  15, -19, -17,  -2,   8,  11,  25,  49,1638697606.724
  -3,  17,  -3,   3,  -4,   1,  -6,  -5,1638697606.752
  13,  15,  -9,   3,   7,  -1,   0,  10,1638697606.752
 -41, -23,  37,   0,  -9, -13, -22, -43,1638697606.754
  31,  14, -10,  -9,  -6,   0, -27,  28,1638697606.754
  14,   4,   4,   4,  -4, -12,   2, -12,1638697606.759
  -4,   3,  -8,   4,   8,   9,  18,  27,1638697606.759
  -3,   0, -14, -21,  -1,  -4, -22, -33,1638697606.771
 -16,   1,   7,  -9,   0,   4,  28,   8,1638697606.771
  -5,  -9,  -5,   4,   0,  -8, -14,   7,1638697606.783
   3,  -5,   6,   2,  -7,   2,   4, -29,1638697606.784
 -16,   3,  -9,  -2,   5,   3,  -6,   3,1638697606.784
  -8,   1,  10, -18,  -6,  -1,  21,  12,1638697606.784
 -17,   1, -12,  -9,   2,   3,   9,  -1,1638697606.805
  29,  -4,  19,  37,   0,  -4, -22, -17,1638697606.805
  -5,  -3, -31, -24,  -4,   1,   8,  -7,1638697606.807
 -33,  -9, -16,   8,   2,  -4,   6,  -6,1638697606.807
  54,  26,  36,  -6, -11,   4,  -4,  16,1638697606.819
  13,   7,  16,  25,   7,   6,  26,  27,1638697606.819
 -16, -24, -29, -15,   0,  -7, -19, -18,1638697606.827
   1,   1,  -9,  -3, -11, -12, -15, -19,1638697606.827
 -21, -17,  -7,  -4,   4,   6,   7, -14,1638697606.842
   3,   5,  20,  10,   3,  -6, -24,   4,1638697606.842
   8,  30,   1,  45,   9,   6,  58,  36,1638697606.844
 -12, -20,   3, -11,  -6,  -3, -23, -17,1638697606.844
   1,   0,   6, -40,  -7,  -2,  -1, -10,1638697606.865
   8,   2,   6,  11,   3,   4,  10,   4,1638697606.865
   0, -13, -31, -11,   5,   2,  -9, -16,1638697606.866
   3,  -3,  23,   7,  -7,  -1,  -8,   7,1638697606.868
 -26,   8,   5,  18,   3,   1,  -3, -20,1638697606.879
   4, -12, -19,  -9,  -2,   2,  21,  18,1638697606.879
  10, -13, -13, -31,  -9, -10, -35, -33,1638697606.887
  15,  11,  38,  36,   2,   7,  30,  17,1638697606.887
  -7, -16, -22, -23,   3,   4,   2,  21,1638697606.902
 -25,   1,  12,   1,   0,  -2,   0,  -8,1638697606.902
  11,   5,  -9,  -3,  -7, -11, -26,   1,1638697606.903
   1,  -1,   5,   8,   4,  12,   7, -10,1638697606.903
 -13,  -7, -24,  13,  10,   3,  33,  14,1638697606.925
 -35,   7,  35,   1, -17, -14, -35, -43,1638697606.925
  44,  -4,  -7, -20,  -1,  11,  47,  50,1638697606.926
  -1,  -2, -26, -25,  -2, -14, -32, -16,1638697606.926
  12,  -2, -14,  10,  12,   9,  -4,   5,1638697606.938
  -8,  12,  10, -16,  -3,   9,  34,  19,1638697606.938
 -11,  -2,  10,  16,   2,  -3, -10,  -3,1638697606.950
 -18,  10,  29,  14,  -1,   1, -17, -30,1638697606.950
 -27,  -9, -19,  -3, -11, -26, -58, -38,1638697606.962
  42,  -4, -20, -16,   2,  14,  42,  22,1638697606.964
 -18,   7,  14,  -1,  -3,  -8, -30,  -1,1638697606.964
  55,  12, -30,   2,  11,  24,  74,  61,1638697606.964
 -10, -11,   3,  -1,  -2,  -8, -13, -12,1638697606.985
  14,   0,   0,  12,   0,  -5,  -4,  34,1638697606.985
  19,  -2,  13,  15,   0,   4,  10,   6,1638697606.986
 -33, -11, -40, -50,  -4, -10, -22, -23,1638697606.986
   7,   8,  33,  14,  -8,  -6, -21,   3,1638697606.998
  -5,  -4, -13, -17,   4,   4,  18,  10,1638697606.998
  -9, -11,  -9,  -8,   5,  11,   5,  -2,1638697607.007
 -18,  -6,  21,  23,  -3, -18, -24, -13,1638697607.007
  18,   8,   5,   6,   3,   2,  16,   8,1638697607.022
 -15,  -5, -15, -18,  -5,   2,  -3,  -1,1638697607.022
 -25,  -9,  -6,   2,  -1,  -7, -15, -32,1638697607.024
  -6,  -3,  17,  16,   2,  13,   5,  -4,1638697607.024
  20,   1, -23,  -6,   3,   3,  28,  44,1638697607.045
 -13,  13,  16,  -1,  -1,  -6, -37, -30,1638697607.045
  11,  -6,  -6,   0,  -5,   2,  14,  14,1638697607.046
  -8,   4,  -5,   0,  -2,  -4,  -2,  -7,1638697607.048
  -6,   6,   0,   1,   0,   1,  -3, -21,1638697607.058
 -14,  -4,  -7,  -5,   0,  -2,  19,  13,1638697607.058
   7,  -5,   1,  12,   5,   6,  -7,   5,1638697607.067
   4,   0,   4,  11,   1,  -1, -29,  -8,1638697607.068
   1,   0,   9, -12,   1,   9,  27,   0,1638697607.082
 -16,   6, -22,  -9,  -4, -11, -27, -20,1638697607.082
   0,  -4,  20,  -9,  -7,  -3,  11,  -1,1638697607.084
  14,   1,   4,  16,   2,  -6, -14, -26,1638697607.084
 -15,   2, -21,   1,   5,   4, -20, -16,1638697607.105
   8, -15,  -7,   0,   0,  19,  45,  29,1638697607.105
  -1,   7,  20, -11,  -7,  -6,  -7,   3,1638697607.106
 -10,  -6, -25,  12,   3,  -4,  -7,  -9,1638697607.107
  11,   2,  -2, -17,  -4,   3,  12,   9,1638697607.119
   5,  -8,  -5, -21,   1, -11, -68, -20,1638697607.119
   8,   6, -11,   9,  -4,   8,  35,  29,1638697607.130
 -17,   6,   8, -18,   0,  -2,  -9,  -1,1638697607.130
  24,  12,   0,   8,   0,   3,  31,  14,1638697607.142
 -21,  -9,  23,  33,   3,   7,   1,  -5,1638697607.144
  32,  -6, -11, -15,   0, -10, -12,  -4,1638697607.144
  23,  -4,  -2,  -3,  -4,  -2, -31, -11,1638697607.144
 -18,   9,   0,  -9,   4,   3,  -1, -12,1638697607.165
  16,  -7,  18,  14,   2,  -4,  -8,  18,1638697607.165
 -19,  14,  -1,   9,   5,   6,  10,   7,1638697607.167
 -11,  11,  -4,   5,  -1,  -1,  11,  -1,1638697607.167
   5, -17,  13,  10,  -7,  -9, -29, -11,1638697607.179
  22,  -2,   5,   6,   4,   8,  30,   6,1638697607.179
 -15,  10, -28, -16,   5,  -3, -15, -19,1638697607.187
 -28,  -4,  26,   1,  -4,   0,  11,  11,1638697607.187
  33,  -3,  16,  43,   2,   2,  17,  34,1638697607.202
   5,  -6, -35, -42,   0,   7,  -4,  -6,1638697607.202
  17,  19,  20,  -8,   2,  -2,   4,  13,1638697607.204
  -7,  -8,  14,   5,  -5,  -3,  10,   2,1638697607.204
 -19, -14, -22, -20,   0,  -7, -24, -11,1638697607.225
 -24,   3,  11,  18,  -3,  -2,   8,  -4,1638697607.225
  12,   8, -16,  -3,   3,  -1, -18,  -8,1638697607.226
   2,  -6, -18,   3,   6,   9,  28,  24,1638697607.229
   1,  -4,  26,  -2,  -6,   5,   6,   0,1638697607.249
  10,   6, -14, -12,  -8, -14, -40, -29,1638697607.249
 -26,  -1,  17,   8,  -3,   3,  37,  26,1638697607.249
  27,  17, -25,   5,   5,  -2, -20,  -4,1638697607.249
 -12,  -8,   4,  -5,   1,   7,   3,  17,1638697607.263
 -17,  -9,  -7,  33,   0,   1,  -7, -20,1638697607.263
  29,   7,  17, -13,  -6,  -8,  20,   3,1638697607.264
   0, -13,   3,   0,   3,   3, -18,  24,1638697607.264
 -37, -12, -15,  -8,  -2,  -6, -25, -35,1638697607.285
  43,  32,  24,   1,  -3,   5,  44,  33,1638697607.285
 -18, -18, -16,  -8,  -8,  -7, -19, -17,1638697607.286
   4,   9,  24,  11,  -2,  -3,   7,  -3,1638697607.286
   0,   5, -21, -17,  -5, -12, -48, -35,1638697607.307
   4,  -9,  22,  21,   5,   7,  32,  22,1638697607.307
  -7,   3, -15,   8,   5,   8,   1, -10,1638697607.323
   2,   0,  -5,  -9,  -6, -13, -46, -27,1638697607.323
  11,   0,   0,  -9,   3,  16,  55,  45,1638697607.323
 -11, -11, -13,  26,   4,   1, -11,  -7,1638697607.325
  -1,   0, -21, -22,  -2,   2,  11,   9,1638697607.325
 -16,  17,  25,   2,  -7,  -5, -11, -46,1638697607.325
  20,   9,   9,   5,  -9,  -6,  -6,   6,1638697607.345
 -10,  -8, -11,   0,   4,   2,   7,   1,1638697607.345
  -3, -15,  -6,  25,   3,  -7, -23,  -9,1638697607.346
   1,  -1, -12, -27,  -6,   2,  12, -11,1638697607.346
  26,  -1,   4,   1,  -5,  -8, -15,  11,1638697607.368
 -20,  -3, -16, -20,  -3,   3,  40,  26,1638697607.368
 -13,   3,  18,  16,  -1,   0, -36, -37,1638697607.371
  14, -16,  -5,   5,   6,   6,  25,  37,1638697607.371
 -21,  -8,  -2,   4,  -1,   1,  22,   6,1638697607.383
   3,  16,  -4, -11,  -2, -12, -33, -10,1638697607.383
  -7, -15,  15,  -4,  -2,  -1,   1,  -8,1638697607.389
   8,  19,  -8,   7,   7,   0,  -7, -23,1638697607.389
   8,  -7,   8,   6,  -5,   4,  24,  29,1638697607.406
  -6,  -2,   5, -22,   3,  -7, -39, -12,1638697607.406
   7,  -8,  13,  13,   1,   3,   8,   2,1638697607.407
  -7,   6,  -8,  -4,   4,  11,  33,  24,1638697607.409
  10,   3, -15,  -2,  11,  11,   6,   6,1638697607.428
  -2,  -4,   6,  15,  -2, -12, -21, -29,1638697607.428
 -12,  12,  17,   2,   6,  14,  34,  43,1638697607.429
  15, -21, -14, -16,  -7,  -5,  -7,  -9,1638697607.429
 -14,  11,   5,  22,   3,   0,  -7,  -2,1638697607.442
 -14,  -9, -14, -12, -13,  -7,  -8, -18,1638697607.442
   6,  -9, -15, -27,   0,  -5,   3,  14,1638697607.449
  -7,   7,  22,  11,  -3,  -1,   0,  -7,1638697607.449
   6, -13,   3,   3,  -1,  -1,   4,  14,1638697607.466
  -2,  13, -11, -11,  -4,  -4, -13,  -8,1638697607.466
  -2,  -7, -14,   7,  -8, -10, -24, -22,1638697607.467
  25,   8,   0,  -9,   3,   7,   5,  19,1638697607.467
  -2,   2,  12,  23,   5,   7,  44,  30,1638697607.487
   4,  -6,   8,  -3,   1,   3,  -9,  -9,1638697607.487
 -13, -12,   1,  -1,  -4,  -3,  -9,   3,1638697607.496
 -27, -16, -19,   7,  -3, -10, -22, -16,1638697607.496
  12,  -6,  17,  -9,  -4,  -3, -21, -34,1638697607.501
 -18, -13, -26, -26,  -4,  -1,  -3,  -6,1638697607.504
  19,   7,  14,  10,   6,   9,  60,  46,1638697607.508
  -6,  -5, -17, -30,  -7,  -3,  -6,  -8,1638697607.509
  -2, -11, -24, -26,   0,   0, -22, -10,1638697607.525
  12,  -4,  13,  12,  -1,  15,  31,   2,1638697607.525
 -25,  -3,   9,  20,  -1, -18, -36, -26,1638697607.526
  10,   6,  -1,   1,  -3,  -8, -11,  -7,1638697607.526
 -17,   9, -22,  -8,   9,   8,   8, -13,1638697607.547
  31,  12,  36,  -8,  -9, -12,  -8,  -2,1638697607.547
  12,  -1,  -1,  11,   5,  14,  10,  16,1638697607.551
  -7,  -3,  -9, -16,  -5,  -6,   3,  13,1638697607.551
 -14,   9,  20,  12,   1,  -6, -10, -26,1638697607.562
   7,   0,   8,  10,  11,   1,   0,  15,1638697607.562
 -14,   6,   2,  -4,  -7,  -6, -11, -19,1638697607.568
  33,   0, -15,  -2,  12,  16,  19,  23,1638697607.568
  -1,  11,  10,   8,  -9, -14,  -9, -14,1638697607.592
 -30, -17, -10,  -6,   3,   7,  -3,  -7,1638697607.592
  12,   5, -15, -11,  -3, -10, -14,  -9,1638697607.593
 -16,  -7,  19,  21,   6,   1,  -2,  -1,1638697607.594
  -1,   9, -10,   1,  -7,  -8,  -9,   1,1638697607.607
  20,  24,  19, -30,  -7,  -4, -15, -16,1638697607.607
 -24, -21,  -8,   2,  -4,   4,  19,  13,1638697607.608
  16,  11,   0, -10,   1,   0,   0,   0,1638697607.608
   3,   5,   9,  13,   6,   3,   6,   6,1638697607.621
 -58, -13, -38,   1,  -6, -12, -27, -37,1638697607.621
  63,   9,  11,  -7,  -4,  -1,  -5,  13,1638697607.628
  -5,  14,  42,  23,  -5,   8,  42,  16,1638697607.628
  10,  -8, -14,  -7,   0,   6,  15,  40,1638697607.644
   3,  -6,   0,  12,   2,  -3, -11,   7,1638697607.644
 -26,  10,  -9, -12,   2,   4,   5, -15,1638697607.646
 -35, -22, -36,   0,  -1, -10, -18,  -9,1638697607.646
  30,   8,  23, -11,  -5,   4,  -4, -19,1638697607.667
  41,   2,  17,   5,   4,   6,  25,  22,1638697607.667
 -33,  -2,  -4,   3,   0,   1, -16,  -5,1638697607.670
  11,   5,   3,  -2,   0,  -2,   0,   2,1638697607.670
 -25,  -1, -11,  -4,  -4,  -8, -28, -26,1638697607.681
  -1,   0, -13,   3,   3,  11,  25,  18,1638697607.682
  26,   2,   5,   3,  -5,  -3,   7,  11,1638697607.688
  -7,   5,  -1,  -1,   3,   6,  16,  18,1638697607.688
 -34, -10,  -1,  -9,  -1,  -7, -25, -36,1638697607.704
  24,  -6,   2,  12,  -3,  -3,  -3,   2,1638697607.704
  -3,  14,  -8, -19,  -2,  -4, -11, -21,1638697607.706
   3, -13, -18,   5,  -1,  -7, -21,  19,1638697607.706
  10,   0,  20,  -7,  -4,   5,  15,  -3,1638697607.727
 -23,  -3, -13,   8,   8,   0,  23,  24,1638697607.727
   3,  -3,   5, -16,  -6,   5,  -2,   8,1638697607.728
 -26,  -6,  -2,   0,  -4, -10, -14, -33,1638697607.729
  32,  -5,  -4,  -2,   0,  -1,   1,   1,1638697607.741
  -8,  -1, -13, -14,  -1,  -1,   3,   8,1638697607.741
 -14,   2,   6,  13,   5,   5, -10, -32,1638697607.750
  28,   2,  -2, -15,  -7,  -8, -26,  -7,1638697607.750
  -3,  -4,   9,   4,   1,   4,  47,  43,1638697607.765
   8,  -6,   3,   2,   0,   2,  14,  10,1638697607.765
  -4,  -7, -17,   2,   1,   0, -15, -19,1638697607.766
 -10,   0,  16,   6,   0,   1,  12,   3,1638697607.767
 -13,  -3,  -3,  -5,  -2,  -8,  -6,  -6,1638697607.787
 -18, -14,   0,   4,   1,  -4, -34, -37,1638697607.787
  12,   3,   2,  -5,  -4,   5,  34,  26,1638697607.789
   1,   3,  -6,  -7,   1,   7,   5,  12,1638697607.789
 -15,   2, -29, -12,   4,   1, -13, -30,1638697607.801
   8,   2,  44,  24,  -8, -15,  -1,  27,1638697607.801
  13,  -4,   2,  -3,   1,   1,  14,  10,1638697607.810
   8,   0,   8,   4,   2,   4,   3,  -9,1638697607.810
 -24, -13,  12,  29,   3,  -1,  -6, -16,1638697607.825
   3,   6, -52, -21,   1,   1,  -3, -13,1638697607.825
 -20,   4,  44,   9,  -8,  -6, -15,   2,1638697607.826
  11,   6,   5,   9,   1,   2,  36,  24,1638697607.826
  -2,  -5, -19, -34,  -5,  -1,  -9,   0,1638697607.847
   1,  10,  -8,  26,   7,   5,  12, -13,1638697607.847
  30,  -2,  -2,   8,  -1,   5,  -8, -14,1638697607.851
 -12,  -5,  12, -24,  -8,  -7, -31,   8,1638697607.851
  25,  19,  11,  28,   4,  -4,  26,  30,1638697607.861
   5,  -5,  -6, -15,  -2,   2,  26,  12,1638697607.862
   9,   4, -14,   7,  12,  11,  29,  15,1638697607.870
   2,  -7,   2,  -1,   0,  -1, -50, -47,1638697607.870
 -23,  -1, -22, -31,  -5,   3,  40,  25,1638697607.885
  22,   3,   2,   1,   5,   5,   4,  16,1638697607.885
 -31,  -3,  21,  17,  -5, -16, -47, -36,1638697607.886
  12,  20,  10,   9,   4,   5,  31,  -8,1638697607.886
  -5, -16, -22,  -3,   2,   2, -10,  30,1638697607.907
  -7,   1,   0, -35, -10,   3,   6,   3,1638697607.907
   6,  17,   4,   5,  -2,  -7, -10,   0,1638697607.909
  -8, -10,  -4,  10,   0,   0,   2, -11,1638697607.909
 -13,  -6, -14, -16,  -6, -15,  -8, -33,1638697607.921
   7, -15, -17,  -5,   7,   6, -15,   0,1638697607.921
   0,   9,  20,  26,   6,  -1,  13,  12,1638697607.929
  -7, -10,   2, -14,  -3,   9,  46,  30,1638697607.929
   3,   8,   3,  14,  -4,  -3, -32, -23,1638697607.943
 -11,  -4,   5,  -2,  -4,  -2, -15,  -8,1638697607.943
   8,  -1, -23, -28,   3,   6,  36,  19,1638697607.952
 -14,  -7, -19,   8,   3,  -3, -11, -12,1638697607.953
   3,  10,  30,  15,   2,  -1, -14,  -4,1638697607.967
 -15, -10,  -4,  22,  -5, -10, -20, -55,1638697607.967
   8,   8,  24,  -3,   0,  11,  18,  83,1638697607.968
  15,   7,  -2,   0,   5,   0,  11,   3,1638697607.968
  21, -15,  -3,   0,  -1,   7,  13,  20,1638697607.980
 -11,   5,  16,  17,  -3, -14, -15, -17,1638697607.980
  -3, -10, -18,  -3,  -3,  -1,  -8, -16,1638697607.989
 -19,  12,   5,  -6,   1,   0, -23,   1,1638697607.989
  14, -17,  -2,  -5,  -3,   0,  -2,   4,1638697608.004
  -5,  -6,   3,  -6,   5,  12,  14,   2,1638697608.004
 -21,  -5,  14,  17,  -3, -12, -24, -27,1638697608.006
  16,   5,   0, -18,  -7, -12, -16,  -6,1638697608.006
 -16,  -3, -19, -28,   0,   7,   1, -19,1638697608.027
  -7,  23, -21,   3,   2,   1,  -8,  31,1638697608.027
  12,   0,  14,   8,   2,   2,  -3,  -6,1638697608.031
  19,  -7,  12,   4,  -3,  -9, -19,  -7,1638697608.031
  -5,   2, -12,  -1,   3,   0,   4,  -2,1638697608.040
